[(266,164), (281,185), (293,202), (303,217), (312,230), (320,250), (326,264), (331,277), (335,289), (338,302), (340,317), (342,332), (343,339), (343,340), (347,336), (345,327), (360,331), (354,312), (375,322), (378,300), (398,318), (400,312), (410,319), (415,297), (442,330), (440,325), (446,326), (447,318), (460,335), (464,328), (486,360), (479,372), (505,344), (516,334), (535,324), (558,314), (579,308), (615,300), (653,296), (686,292), (672,308), (660,323), (649,337), (631,356), (611,375), (587,390), (574,398), (542,402), (499,406), (507,409), (502,432), (493,462), (485,491), (475,507), (471,512), (463,516), (447,521), (432,524), (411,526), (403,526), (391,525), (373,523), (354,515), (336,504), (314,488), (304,473), (302,467), (302,461), (305,453), (307,448), (308,443), (309,420), (311,399), (317,380), (323,367), (318,371), (292,347), (278,326), (265,298), (260,278), (257,256), (256,245), (254,229), (258,205), (261,185), (262,178), (266,165) ],
[(302,455), (289,460), (283,467), (274,474), (267,480), (257,490), (272,487), (266,491), (263,498), (259,506), (256,521), (255,530), (256,542), (256,546), (263,528), (263,543), (266,558), (266,557), (268,550), (268,546), (271,555), (275,562), (283,570), (294,578), (303,584), (301,570), (301,559), (302,554), (302,548), (311,533) ],
[(303,585), (310,598), (319,609), (334,620), (348,631), (341,619), (353,627), (360,634), (365,639), (376,658), (377,649), (376,640), (380,656), (393,638), (390,648), (411,632), (426,621), (443,600) ],
[(412,631), (411,640), (420,631), (419,638), (449,610), (461,594), (464,578), (465,564), (464,558), (464,553) ],
[(451,609), (461,603), (461,613), (474,600) ],
[(471,604), (470,607), (505,586), (513,575), (517,562), (520,546) ],
[(519,552), (527,560), (526,547), (533,555), (533,539), (528,520), (533,523), (528,516), (537,518), (543,518), (527,501), (517,490), (514,487), (506,479), (490,473) ],
[(524,495), (527,472), (535,454), (544,439), (554,427), (566,420), (582,413), (600,409), (620,403), (640,400), (662,391), (679,382), (694,368), (699,364), (705,349), (708,362), (709,341), (720,372), (725,388), (725,405), (726,417), (724,437), (723,454), (719,471), (712,501), (702,528), (684,549), (668,565), (651,575), (623,585), (610,587), (592,586), (581,585), (570,581) ],
[(529,522), (539,527), (550,537), (556,548), (562,558), (566,572), (570,583), (570,590), (571,604), (570,616), (568,630), (568,643), (567,654), (562,669), (557,682), (551,696), (544,713), (539,721), (536,724), (525,725), (521,724), (510,722), (506,719), (504,717), (504,715), (505,711), (506,708), (508,705) ],
[(525,711), (522,715), (523,718), (524,724) ],
[(509,722), (502,723), (495,716), (493,708), (495,700), (501,693), (506,685), (512,672), (513,660), (510,652), (504,639), (503,636), (501,629), (500,624), (498,619) ],
[(499,628), (490,631), (481,634), (471,638), (466,641), (459,645) ],
[(493,633), (492,645), (492,653), (492,660), (487,669), (481,676), (475,686), (469,694), (463,704), (460,707), (452,707), (446,707), (441,707), (438,707) ],
[(463,619), (462,630), (460,636), (458,641), (456,648), (454,656), (452,665), (449,675), (445,689), (441,700), (438,707), (435,715), (434,720), (431,728), (429,734), (428,736), (426,738), (423,741), (417,743), (412,744), (405,744), (400,744), (391,744), (385,739), (378,732), (378,725), (381,715), (385,704), (388,690), (387,676), (386,658), (384,650) ],
[(388,728), (388,735), (390,739), (393,742) ],
[(409,731), (408,733), (408,738), (410,743) ],
[(377,730), (366,732), (362,732), (352,730), (346,728), (341,725), (335,718), (334,714), (340,705), (343,691), (341,680), (338,667), (333,652), (328,636), (325,625), (323,620), (323,614), (323,611) ],
[(485,378), (504,359), (523,342), (550,328), (584,317), (621,309), (649,304), (666,303) ],
[(659,304), (652,313), (643,322), (639,327), (628,340) ],
[(627,340), (618,348), (611,355), (603,362), (597,368), (585,376), (574,380), (565,383), (559,385), (549,387), (532,389), (517,391), (505,393), (497,394), (506,386), (497,386), (507,372), (506,371), (486,381), (490,374) ],
[(331,349), (329,332), (327,316), (325,302), (321,287), (316,271), (311,259), (298,234), (285,211), (267,184) ],
[(268,187), (265,204), (263,214), (263,225), (263,235), (264,248), (265,261), (266,266), (268,273), (271,285), (276,300), (281,311), (288,322), (294,332), (302,342), (312,354), (317,358), (321,362), (317,349), (324,356), (321,342), (331,348) ],
[(362,388), (364,392), (365,399) ],
[(446,404), (439,408), (436,413) ],
[(457,411), (463,415), (466,420), (469,430), (470,439), (470,454), (467,464), (463,470), (459,475), (454,480), (447,481), (434,476), (430,462), (431,452), (434,439), (439,428), (445,419), (451,415), (458,410) ],
[(346,391), (354,395), (356,406), (357,417), (355,430), (352,444), (349,452), (346,457), (341,459), (336,456), (330,453), (327,447), (325,439), (325,428), (326,420), (328,411), (332,405), (334,402), (337,397), (339,395), (346,392) ],
[(451,470), (454,467), (457,462), (458,454), (458,447), (458,443), (455,439), (452,438), (448,439), (446,441), (443,446), (441,455), (442,461), (444,467), (446,469), (451,470) ],
[(379,468), (385,468), (388,469), (391,471), (389,473), (386,474), (383,473), (382,473), (380,472), (379,468) ],
[(357,483), (362,486), (365,488), (369,487), (379,488), (385,490), (392,492), (398,494), (404,495), (409,495), (415,492) ],
[(335,436), (337,442), (339,444), (343,444), (347,438), (349,430), (348,425), (349,420), (348,414), (344,410), (339,412), (336,419), (335,425), (335,433), (335,437) ],
[(344,714), (343,719), (344,721), (345,723), (347,726) ],
[(358,718), (356,722), (357,726), (358,729), (359,731) ],