[(58,514), (91,496), (107,495), (129,494), (132,459), (132,441), (136,406), (142,381), (149,358), (158,338), (167,319), (181,297), (199,275), (207,223), (212,184), (225,132), (239,89), (259,53), (265,43), (286,47), (305,55), (321,63), (339,70), (356,83), (371,93), (386,103), (406,120), (421,137), (433,152), (437,151), (457,144), (488,133), (526,129), (562,131), (596,146), (616,163), (640,193), (651,222), (655,240), (654,252), (652,260)]
[(656,235), (684,264), (701,261), (725,266), (757,269), (789,273), (817,280), (845,291), (875,304), (893,318), (893,327), (888,338), (885,347), (879,362), (871,374), (858,394), (847,412), (831,432), (815,445), (800,459), (790,469), (757,489), (752,527), (745,558), (734,581), (715,622), (699,645), (678,667), (665,682), (645,702), (631,712)]
[(633,653), (632,688), (629,713), (621,729), (611,743), (605,744), (597,748), (577,735), (556,713), (547,699), (541,673)]
[(614,744), (637,761), (652,780), (663,806), (661,818), (637,830), (613,832), (579,824), (533,806), (499,776)]
[(582,743), (536,760), (514,766), (475,775), (425,776), (371,766), (328,750), (318,748), (282,726), (241,697), (216,675), (190,647), (171,619), (158,592), (147,559), (137,521), (131,493)]
[(154,591), (106,570), (76,545), (62,528), (58,514)]
[(318,751), (283,775), (236,789), (179,791), (150,777), (146,764), (153,742), (173,724), (199,706), (229,693), (230,689)]
[(437,151), (410,171), (378,204), (359,239), (346,284), (348,325), (354,346), (368,376), (385,394), (406,409), (432,418), (453,420), (480,414), (506,397), (521,376), (527,359), (527,341), (525,332), (520,321)]
[(467,351), (503,324), (525,318), (560,314), (591,309), (613,300), (627,288), (646,270), (652,259), (656,240)]
[(260,316), (211,351), (195,382), (190,413), (194,444), (207,473), (218,484), (237,493), (252,497), (272,498), (303,488), (321,478), (334,461), (347,440), (357,413), (359,392), (355,367), (343,339), (328,327), (306,315), (280,312), (258,317)]
[(270,342), (239,371), (228,405), (238,443), (258,460), (282,467), (312,463), (335,442), (350,406), (352,375), (345,356), (323,339), (296,335), (272,342)]
[(538,424), (529,430), (509,449), (492,477), (486,516), (494,552), (513,576), (526,588), (548,597), (578,600), (598,597), (619,586), (636,573), (649,550), (656,528), (660,502), (657,477), (648,451), (632,432), (605,416), (577,413), (538,423)]
[(554,445), (532,473), (524,500), (528,531), (537,551), (553,563), (569,574), (588,578), (610,574), (626,565), (639,545), (649,523), (652,496), (647,474), (636,456), (623,442), (600,432), (580,433), (559,441), (551,446)]
[(344,519), (357,534), (367,542), (380,549), (392,553), (404,555), (415,555), (425,554), (429,552), (434,551), (442,548)]
[(871,340), (850,330), (822,324), (788,319), (757,318), (736,321), (720,322), (727,341), (736,360), (745,389), (755,426), (757,451), (758,456), (773,443), (791,426), (806,411), (821,396), (836,377), (850,357), (860,336)]
[(267,79), (291,98), (321,133), (336,154), (348,172), (349,175), (321,185), (304,194), (285,205), (266,217), (248,228), (240,236), (236,208), (237,189), (243,155), (250,129), (260,104), (272,86)]